name: kraken2
channels:
  - conda-forge
  - bioconda
  - defaults
dependencies:
  - _libgcc_mutex=0.1=main
  - blast=2.11.0=pl526he19e7b1_0
  - bz2file=0.98=py_0
  - bzip2=1.0.8=h7b6447c_0
  - c-ares=1.18.1=h7f8727e_0
  - ca-certificates=2021.10.8=ha878542_0
  - curl=7.80.0=h7f8727e_0
  - cutadapt=1.18=py37h14c3975_1
  - entrez-direct=16.2=he881be0_0
  - fastp=0.12.4=0
  - kraken2=2.0.7_beta=pl526h2d50403_0
  - krb5=1.19.2=hac12032_0
  - ld_impl_linux-64=2.36.1=hea4e1c9_2
  - libcurl=7.80.0=h0b77cf5_0
  - libedit=3.1.20210910=h7f8727e_0
  - libev=4.33=h7f8727e_1
  - libffi=3.3=h58526e2_2
  - libgcc=7.2.0=h69d50b8_2
  - libgcc-ng=9.1.0=hdf63c60_0
  - libnghttp2=1.46.0=hce63b2e_0
  - libssh2=1.9.0=h1ba5d50_1
  - libstdcxx-ng=9.1.0=hdf63c60_0
  - ncurses=6.3=h7f8727e_2
  - openssl=1.1.1m=h7f8727e_0
  - pcre=8.45=h295c915_0
  - perl=5.26.2=h14c3975_0
  - perl-archive-tar=2.32=pl526_0
  - perl-carp=1.38=pl526_3
  - perl-common-sense=3.74=pl526_2
  - perl-compress-raw-bzip2=2.087=pl526he1b5a44_0
  - perl-compress-raw-zlib=2.087=pl526hc9558a2_0
  - perl-exporter=5.72=pl526_1
  - perl-exporter-tiny=1.002001=pl526_0
  - perl-extutils-makemaker=7.36=pl526_1
  - perl-io-compress=2.087=pl526he1b5a44_0
  - perl-io-zlib=1.10=pl526_2
  - perl-json=4.02=pl526_0
  - perl-json-xs=2.34=pl526h6bb024c_3
  - perl-list-moreutils=0.428=pl526_1
  - perl-list-moreutils-xs=0.428=pl526_0
  - perl-pathtools=3.75=pl526h14c3975_1
  - perl-scalar-list-utils=1.52=pl526h516909a_0
  - perl-types-serialiser=1.0=pl526_2
  - perl-xsloader=0.24=pl526_0
  - pigz=2.6=h27cfd23_0
  - pip=22.0.3=pyhd8ed1ab_0
  - python=3.7.11=h12debd9_0
  - python_abi=3.7=2_cp37m
  - readline=8.1.2=h7f8727e_1
  - setuptools=60.9.3=py37h89c1867_0
  - sqlite=3.37.2=hc218d9a_0
  - tk=8.6.11=h1ccaba5_0
  - wheel=0.37.1=pyhd8ed1ab_0
  - xopen=0.7.3=py_0
  - xz=5.2.5=h516909a_1
  - zlib=1.2.11=h7f8727e_4

